[0.9979801013205679, 0.9995025373276817, 0.9996242514758498, 0.999481766239171, 0.9997005166015861, 0.9995272607079853, 0.9978445267622823, 0.9970223505070676, 0.9979214891972725, 0.999708974971137, 0.999602751009761]
[41.858898139845564, 41.740599171177884, 41.76908862704416, 41.80416630451339, 41.791657837634375, 41.82156269832357, 41.75248145880346, 41.828930506529396, 41.7286286428332, 41.81284622323462, 41.76425663902011]
[0.9999262119251618, 0.9998777121759507, 0.9999360930438944, 0.9998791370633856, 0.9998517687419989, 0.9999209133262618, 0.9999276186051369, 0.9999370110132525, 0.99993390286125, 0.9998757924484988, 0.9998881395617663]
[0.0, 4.0690104166666664e-05, 0.0003255208333333333, 0.0001220703125, 0.0, 8.138020833333333e-05, 0.0, 0.0, 0.0, 0.0, 0.0005696614583333334]
----------------------------------------------------------------------------------------------------
[0.9978950243845865, 0.9994887619679088, 0.9996984875121065, 0.9994817992594359, 0.9997334639939545, 0.9995136230957762, 0.9977267028077476, 0.9970782841073921, 0.9979257251196861, 0.9997636833737625, 0.9995988121634103]
[41.94774492060487, 41.693287315220225, 41.694731913907994, 41.76775755048577, 41.83321754042026, 41.807404158867676, 41.7089793749353, 41.85446468478552, 41.69518310162042, 41.840851850915634, 41.76548239183868]
[0.9999276430411239, 0.9998767161904425, 0.9999349851350785, 0.9998782219598907, 0.9998532084870235, 0.9999207130835287, 0.9999266819790336, 0.9999375042816857, 0.9999333236945227, 0.9998767620309815, 0.9998883070002869]
[0.0, 0.000244140625, 0.0005289713541666666, 8.138020833333333e-05, 0.0, 8.138020833333333e-05, 0.0, 0.0, 0.0, 0.0, 0.0005696614583333334]
----------------------------------------------------------------------------------------------------
[0.9980564751077715, 0.9994978194878761, 0.9995972626875472, 0.9994806994787618, 0.9996936395453575, 0.9995177829592674, 0.9979562997640833, 0.9968567519914515, 0.9980271901863768, 0.9996841611025722, 0.9996078890971427]
[41.84270353257316, 41.72009193426192, 41.83274197153586, 41.7689786665353, 41.81973610473252, 41.79804252300056, 41.9446722497922, 41.82717820818013, 41.78600013162363, 41.78025931084399, 41.81371108271447]
[0.9999259261168228, 0.9998769019508759, 0.9999375364249024, 0.9998784610508417, 0.9998527193865212, 0.9999203102917791, 0.9999309644190352, 0.9999367094510059, 0.9999350184789899, 0.9998747033941785, 0.9998896779772858]
[0.0, 0.00016276041666666666, 0.0005289713541666666, 0.0002848307291666667, 0.0, 0.0001220703125, 0.0, 0.0, 0.0, 0.0, 0.0008138020833333334]
----------------------------------------------------------------------------------------------------
